#DataThief C:\Users\user\Desktop\temp\CyrusTau.JPG יום ראשון 31-יול-2016 11:52:01 AM
87.1187, 7377.0121
103.5272, 4281.7486
97.9872, 5851.1492
134.8786, 2195.5415
143.7222, 3475.5333
157.114, 2540.6193
166.4827, 1516.5582
169.4411, 1341.9733
180.2659, 1154.5194
182.4197, 981.0391
192.8969, 747.1761
202.9243, 608.9727
214.7993, 744.9628
214.5611, 538.2352
263.0941, 381.1171
262.4426, 275.3723
286.173, 198.3115
279.2936, 151.3929
286.4866, 110.7614
301.0599, 90.2185
304.6649, 51.7496
289.9628, 37.4624
303.7752, 27.0151
280.7497, 21.8194
302.7032, 19.7868
313.6665, 13.1601
328.2908, 9.7496
294.0856, 8.2135
315.8519, 4.8946
318.137, 3.2591
358.7525, 2.6098
358.2687, 1.3809
