#DataThief C:\Users\user\Desktop\temp\CyrusTau.JPG יום ראשון 31-יול-2016 12:00:17 PM
63.1354, 7604.2429
62.9482, 4997.0541
72.3655, 5871.49
66.8571, 3511.9064
77.7694, 2568.0704
82.077, 1854.2875
100.8484, 1336.2767
127.1969, 743.7128
116.7197, 976.492
137.696, 543.8681
170.5253, 385.9256
206.2401, 277.4766
205.5814, 203.2221
218.1248, 154.7341
220.3734, 110.2541
230.3936, 91.0862
221.4333, 71.4656
213.511, 37.8523
231.0499, 26.9155
219.4447, 13.3292
233.2692, 20.2461
233.6484, 10.0101
232.2216, 6.5791
246.841, 2.2829
270.659, 1.3974
